0.184668 72
6.569754 1
0.064585 1
0.119443 1
0.072030 1
0.088440 1
0.135349 1
0.040981 1
0.087229 1
0.088068 1
0.039744 1
0.216278 1
0.305038 1
0.094702 1
0.096142 1
0.327894 4
0.500291 4
0.030298 4
0.030651 4
0.030462 4
0.031330 4
0.030411 4
0.030288 4
0.029737 4
0.030622 4
0.031324 4
0.030912 4
0.030022 4
0.029379 4
0.030243 1
0.030456 1
0.030867 1
0.418774 1
0.072264 1
0.103469 1
0.832656 1
0.079379 1
0.132270 7
0.555907 2
0.000432 90
3.303950 1
0.095699 1
0.048886 1
0.143097 1
0.071983 1
0.744296 1
0.103799 1
0.120522 1
0.119133 1
0.064631 1
0.159625 2
0.001367 41
0.000028 13
0.000008 2
0.000424 90
0.422281 1
0.104068 1
0.663892 1
0.096875 1
0.095117 1
0.144072 1
0.064189 1
0.568266 4
0.271323 4
0.500800 4
0.029842 4
0.030608 4
0.030125 4
0.030299 4
0.030403 1
0.204046 1
0.119875 1
0.088079 2
0.001373 112
0.000508 90
2.022391 1
0.073071 1
0.158661 1
0.512942 1
0.095885 1
0.095004 1
0.056796 1
0.175444 1
0.280144 1
0.151923 1
0.072653 1
1.160214 4
0.499565 4
0.029938 4
0.030410 4
0.032852 4
0.031064 4
0.029177 4
0.029805 4
0.031269 4
0.031025 4
0.030805 4
0.030816 1
0.030059 1
0.030937 1
0.031009 1
0.029982 1
0.126416 1
0.095851 1
0.136221 1
0.095879 1
0.089264 1
0.150621 1
1.456115 1
0.064048 1
0.079754 1
0.055855 1
0.152127 1
0.584565 1
0.111516 1
0.104066 1
0.127783 2
0.001487 45
0.000025 15
0.000565 90
1.837980 1
0.041093 1
0.143202 1
0.239673 1
0.120021 1
1.172055 7
1.052741 110
0.399273 1
0.096016 1
0.097343 2
0.001973 108
1.061334 1
0.063456 1
0.095902 1
0.111997 1
0.080218 1
0.119968 1
0.079968 1
0.048177 1
0.096374 1
0.095073 2
0.001833 108
0.166473 1
0.056112 1
0.128526 1
0.096587 1
0.094878 1
0.120727 1
0.671341 1
0.096531 1
0.079446 1
0.088075 1
0.287911 2
0.002075 108
5.709877 1
0.136323 1
0.073527 1
0.198024 1
0.056045 1
0.136704 1
0.063554 1
0.248843 2
1.767048 4
0.501171 4
0.030368 4
0.030776 4
0.030547 4
0.031213 4
0.029620 4
0.031414 4
0.028078 4
0.030700 1
0.030758 1
0.032332 1
0.028984 1
0.030725 1
0.101580 1
0.143805 1
0.071885 1
0.111847 1
0.103866 1
0.097356 1
0.110931 1
0.535773 1
0.064217 1
0.336059 1
0.119963 1
0.711897 2
0.196451 80
0.008761 108
1.778710 1
0.168185 1
0.047954 1
0.231754 1
0.072121 1
0.200090 1
0.256081 6
0.264042 2
0.127888 42
0.000421 70
0.000044 8
0.009942 7
0.139032 4
0.005528 2047
0.000047 2047
0.016435 1761
0.000071 100
0.596364 25
0.000807 124
0.183192 25
0.000890 127
0.167150 25
0.000806 128
0.119478 37
0.168429 57
0.010135 395
0.202946 18
0.170665 25
0.000019 16
0.000008 37
0.006126 479
0.212407 114
0.934166 58
0.064643 58
0.054954 58
0.176365 34
0.223906 67
0.288695 67
0.303910 67
0.135510 67
0.063990 68
0.088134 67
0.295940 67
0.281963 117
0.966020 19
0.000030 35
0.422913 23
0.007274 524
0.000018 32
0.136659 1
0.000023 18
0.080030 19
0.199894 1
0.000048 6
0.000087 9
0.049408 16
0.016300 4
0.000035 27
0.002068 108
0.484006 1
0.144136 1
0.055750 1
0.064078 1
0.144038 1
0.056009 1
0.159985 2
0.685442 48
0.007949 1
0.062506 1
0.188414 1
0.110943 1
0.064757 1
0.059333 1
0.537891 1
0.054808 1
0.045469 1
0.760361 2
0.069363 25
0.004851 2
0.002206 22
0.000110 27
0.000103 24
0.000104 32
0.000091 25
0.000092 19
0.000096 22
0.000824 35
0.000038 77
0.000005 2
0.020510 108
2.715797 1
0.096075 1
0.096342 1
0.088542 1
0.087564 1
0.223572 2
0.141318 20
0.000278 2
0.000101 66
0.000008 26
0.000016 2
0.003519 108
3.870856 1
0.119656 1
0.056084 1
0.200098 1
0.040349 1
0.129045 1
0.070972 1
0.095682 1
0.599862 1
1.848372 1
0.087522 1
0.264195 1
0.183908 1
0.088103 1
0.079959 1
0.103793 1
0.080724 1
0.167408 1
0.384441 1
0.103566 1
0.087978 1
0.056423 1
0.119527 1
0.176151 1
0.064358 1
0.159473 2
0.126489 15
0.000034 27
0.000387 95
0.010323 7
0.126361 4
0.004542 2047
0.000048 2047
0.001123 2029
0.005535 100
0.797285 25
0.000020 16
0.000036 37
0.004762 565
2.276360 247
0.200492 58
0.103354 58
0.672126 66
0.095223 58
0.064956 58
0.319640 59
0.184918 59
0.111024 59
0.064700 59
0.143411 36
0.840293 67
0.217290 67
0.134637 67
1.279728 35
0.640383 59
0.120140 75
0.793923 25
0.001524 16
0.001802 175
0.907038 19
0.000033 35
0.574173 23
0.006404 494
0.000086 25
0.001361 127
0.176345 25
0.000027 16
0.000075 23
0.007945 477
0.593014 54
0.150841 23
0.007085 494
0.000031 25
0.001352 127
0.136047 25
0.000023 16
0.000009 23
0.007781 477
0.225057 34
0.119118 27
0.000040 14
0.001310 78
0.199603 27
0.000054 14
0.001408 78
0.566208 34
0.192505 34
0.407498 58
0.095542 58
0.112481 59
0.912011 59
0.111678 59
0.056233 59
0.184807 60
0.096146 35
0.176790 68
0.422384 35
0.127718 67
0.144232 67
0.215832 67
0.199710 67
0.432495 68
0.224103 59
0.152920 59
0.031776 59
0.072023 60
0.647412 35
0.129559 104
0.581871 56
0.367042 24
0.009180 533
0.184864 59
0.000846 245
0.118516 25
0.000818 124
0.189829 42
0.000027 23
0.007835 478
0.131864 170
0.245382 58
0.151774 58
0.087875 59
0.664423 59
0.079949 59
0.063829 59
0.176396 60
0.064894 68
0.238848 56
0.478974 24
0.009231 533
0.200439 35
0.000024 24
0.000855 246
0.109199 25
0.000740 124
0.263105 25
0.000019 17
0.000022 23
0.007987 478
0.218900 170
4.110509 54
0.126976 23
0.007950 519
0.001227 127
0.254776 25
0.000802 67
0.191160 26
0.000822 68
0.271213 26
0.000822 67
0.191632 26
0.000814 67
0.359206 26
0.000887 67
0.366782 38
0.072421 35
0.000029 24
0.001067 63
0.166854 23
0.000031 17
0.000031 23
0.007731 478
0.384855 86
0.687725 69
0.048416 69
0.047752 69
0.152304 69
0.087746 69
0.136295 69
0.064007 69
0.160031 69
0.192064 70
0.119697 69
0.048479 69
0.056357 69
0.168778 69
0.198358 92
0.416114 75
0.160359 20
0.000029 36
0.494207 24
0.007319 495
0.000017 26
0.000008 17
0.000017 23
0.009851 478
0.155188 162
0.836960 58
0.105106 58
0.079966 59
0.142908 59
0.072261 59
0.079609 59
0.184094 60
0.248281 35
0.472824 68
0.287336 35
0.224211 67
0.295434 67
0.112218 67
0.161300 59
0.182902 59
0.079822 59
0.055840 60
0.328232 35
0.145958 104
0.493809 20
0.000029 36
0.302744 24
0.008549 495
0.000029 26
0.001640 140
0.213625 37
0.184604 34
0.000024 23
0.000714 233
0.855023 25
0.000642 125
0.278942 25
0.000027 57
0.001055 162
0.214870 25
0.000049 48
0.001391 293
0.462650 26
0.000046 51
0.001228 84
0.238788 26
0.000057 25
0.001335 50
0.374561 26
0.000063 55
0.001260 229
0.510621 39
0.504760 60
0.000026 17
0.000009 37
0.007593 475
0.594404 170
1.118469 58
0.088342 58
0.176635 35
0.430750 84
0.288186 67
0.072937 67
0.071048 68
0.193415 67
0.062600 67
0.064148 67
0.079909 67
0.178516 67
0.109302 67
0.000803 67
0.152160 67
0.079348 67
0.103906 68
0.312223 67
0.095927 67
0.136446 67
0.047867 67
0.072875 67
0.062693 67
0.120937 67
0.143134 67
0.088490 67
0.102874 68
0.056652 67
0.063979 67
0.271915 67
0.096307 67
0.095788 67
0.256098 90
0.223935 35
0.111937 59
0.065208 75
0.282719 25
0.001855 16
0.001226 199
0.504594 19
0.000030 35
0.366839 23
0.007609 519
0.000024 39
0.010364 477
0.150392 27
0.000041 14
0.001372 78
0.174618 27
0.000044 14
0.001454 78
0.198794 27
0.000135 14
0.001431 79
0.455713 35
0.535684 34
0.351778 59
0.184181 59
0.103740 59
0.120230 59
0.064113 60
0.183951 59
0.185644 59
0.238606 59
0.119474 59
0.095912 59
0.416320 59
0.432059 59
0.240469 59
0.495051 59
0.136612 69
0.368839 82
0.175138 59
0.112366 59
0.088284 59
0.064083 59
0.126945 59
0.739688 82
0.669601 82
0.159573 82
0.103379 60
0.112162 35
0.175980 59
0.056034 59
0.127841 35
0.088903 59
0.055367 59
0.079942 59
0.135744 73
0.335705 20
0.000032 36
0.711780 24
0.006683 495
0.000026 26
0.001963 30
0.070618 23
0.000860 126
0.119828 26
0.000663 128
0.574422 25
0.000031 20
0.000024 12
0.159870 1
0.000033 18
0.831871 1
0.000018 18
0.095912 1
0.000018 18
0.168627 1
0.000023 18
0.064403 19
0.063122 1
0.000024 18
0.256290 1
0.000184 29
0.049045 23
0.002044 17
0.000030 22
0.147473 133
0.000026 412
0.000009 142
0.000007 122
0.000035 609
0.004175 8
0.000032 9
0.000008 3
0.000066 7
0.000035 7
0.000008 2
0.000007 1
0.000007 2
0.000006 1
0.000008 1
0.000006 1
0.000006 1
0.000006 2
0.000007 1
0.000007 1
0.000007 1
0.000006 1
0.000007 2
0.000006 1
0.000006 1
0.000006 1
0.000007 1
0.000006 1
0.000006 2
0.000007 1
0.000006 1
0.000006 1
3.539392 4095
0.000063 1741
0.204261 18
0.196803 25
0.000024 32
0.200036 1
0.000025 18
1.183675 1
0.000021 18
0.792552 7
0.000111 23
0.052351 17
0.014902 8
0.000036 23
0.002443 108
0.577806 1
0.071981 1
0.119847 1
0.112206 1
0.056261 1
0.521238 2
0.153578 93
0.000026 172
0.000009 151
0.000007 130
0.000006 140
0.000008 122
0.000007 120
0.000006 120
0.000006 123
0.000007 117
0.000034 130
0.003254 108
4.929939 1
0.071554 1
0.063898 1
0.223797 1
0.184763 1
0.063533 1
0.096029 1
0.159988 1
1.695938 1
0.112722 1
0.095400 1
0.192284 1
0.135823 1
0.063913 1
0.935906 2
0.131813 28
0.000103 14
0.001211 84
0.009478 7
0.128589 4
0.004491 2047
0.000084 2047
0.001554 2029
0.004368 100
0.366413 25
0.000024 16
0.000012 37
0.004306 565
0.170587 247
0.098760 58
0.087150 58
0.048027 58
0.176673 75
0.119382 35
0.104378 59
0.097315 59
0.094181 60
0.376340 69
0.151952 68
0.160063 68
0.120534 67
0.111364 67
0.128183 68
0.305857 25
0.000966 16
0.000793 183
1.020318 54
0.190926 23
0.005715 519
0.001203 127
0.232879 37
0.592149 67
0.225081 58
0.000639 127
0.206181 37
0.200727 57
0.000801 227
0.534504 25
0.000024 32
0.127728 1
0.000025 18
0.136315 1
0.000093 18
0.043479 22
0.006003 169
0.000378 18
0.202578 18
0.275365 25
0.000025 18
0.000009 12
0.199987 1
0.000024 18
0.071847 1
0.013384 6
0.000027 44
0.001865 108
2.376649 1
0.488942 1
0.111102 1
0.071987 1
0.081583 1
0.174456 1
0.168779 1
0.095176 1
0.147927 3
0.388042 2
0.158444 133
0.000027 551
0.000009 124
0.000006 120
0.000006 118
0.000007 123
0.000006 117
0.000007 64
0.000007 66
0.000006 2
0.003335 108
1.894320 1
0.135983 1
0.049870 1
0.222500 1
0.831545 1
0.112006 1
0.111561 3
0.416568 2
0.132746 42
0.000561 86
0.027621 4
0.003604 2047
0.000229 2047
0.002415 1439
0.025708 100
1.328532 243
0.238346 25
0.000712 197
0.199486 25
0.000715 231
0.191280 25
0.000690 259
0.108397 45
0.000042 16
0.114515 760
0.203798 18
0.652576 25
0.000021 16
0.000038 37
0.007845 565
0.164292 501
0.253317 54
0.158272 23
0.006353 524
0.002154 127
0.223703 41
0.000026 23
0.008524 482
0.336956 58
0.087669 58
0.111945 58
0.119923 58
0.073141 59
0.127340 59
0.039672 79
0.114175 35
0.181550 177
0.384573 67
0.360198 67
0.327316 67
0.248068 67
0.256465 67
0.151949 67
0.295935 67
0.103580 67
0.112015 67
0.193350 227
0.336444 351
0.246080 19
0.000025 35
0.463418 23
0.007396 524
0.002473 127
0.309596 25
0.000847 65
0.500267 25
0.000848 65
0.029263 25
0.000849 65
0.032370 25
0.000634 65
0.031340 25
0.000764 67
0.026407 26
0.000858 67
0.029457 26
0.000829 67
0.030499 26
0.000955 67
0.202774 26
0.000693 68
0.422613 26
0.000354 17
0.000032 38
0.005252 517
0.090278 26
0.002821 83
0.429219 26
0.001112 87
0.631090 26
0.001271 83
0.430504 39
0.487687 573
0.000030 26
0.002202 127
0.205928 25
0.000872 129
0.199209 26
0.000827 126
0.303353 26
0.000032 32
0.207812 1
0.000021 18
0.623895 1
0.000136 29
0.041931 17
0.006377 165
0.000643 19
0.203379 18
0.045343 26
0.000049 30
0.158472 1
0.000025 18
0.063870 1
0.016452 6
0.000039 44
0.001868 108
0.525795 1
0.079811 1
0.135634 1
0.064165 1
0.096391 1
0.191557 2
0.214014 1
0.000061 2
0.000430 13
0.000026 117
0.000009 136
0.000007 2
0.000142 68
0.000023 42
0.000008 70
0.000024 2
0.005463 108
5.251955 1
0.096084 1
0.079977 1
0.200265 1
0.423903 1
0.080483 1
0.119195 1
0.152007 1
0.272284 1
0.087999 1
0.160697 5
0.158997 2
0.154075 42
0.001989 73
0.000243 8
0.008377 7
0.148650 4
0.004583 2047
0.000087 2047
0.001093 1947
0.005405 100
1.683580 25
0.000020 17
0.000022 37
0.004651 566
0.148365 331
0.535894 58
0.185129 58
0.086989 88
0.096060 35
0.143978 84
0.160233 67
0.072252 68
0.104888 67
0.088145 67
0.174808 67
0.674965 25
0.001508 16
0.001253 201
0.441996 59
0.080525 59
0.135218 59
0.104189 73
0.544089 20
0.000041 36
0.799646 24
0.005887 500
0.000035 26
0.001541 126
0.216053 25
0.000868 128
0.254875 26
0.000807 125
0.319000 26
0.000734 125
2.415554 26
0.000882 126
0.254695 25
0.000770 128
0.319620 26
0.000969 125
0.342569 26
0.000618 125
1.224181 26
0.000647 126
0.294561 25
0.000616 128
0.991525 26
0.000024 16
0.000034 23
0.008784 482
0.160550 63
0.056821 63
0.143029 63
0.056297 63
0.119915 64
0.080112 63
0.184757 97
0.200121 56
0.406010 24
0.007304 526
0.001695 66
0.182581 37
0.104853 34
0.000031 23
0.001072 57
1.062141 54
0.159793 1
0.000023 18
0.080590 1
0.000041 18
0.135374 1
0.000049 6
0.000083 12
0.050989 16
0.015684 11
0.000028 20
0.002077 108
0.459326 1
0.079794 1
0.112226 1
0.065425 1
0.086478 1
0.079770 2
0.241805 1
0.000063 2
0.000181 91
0.000023 2
0.005741 108
3.784399 1
0.256003 1
0.127902 1
0.088088 1
0.424263 2
0.000136 6
